list(k=3.00000E-02, Linf=8.00000E+02, prec_obs=2.50000E+01, Linfi=c(7.63690E+02, 2.59785E+02, 6.41296E+02, 7.48067E+02, 4.45899E+02, 1.54377E+02, 5.99242E+02, 5.87979E+02, 4.45761E+02, 4.99502E+02, 6.30934E+02, 2.77537E+02, 4.30932E+02, 5.40606E+02, 4.32941E+02, 6.70675E+02, 1.23612E+03, 2.97771E+02, 6.04301E+02, 3.41047E+02, 5.48843E+02, 3.62126E+02, 2.97573E+02, 3.70469E+02, 5.61986E+02, 1.22084E+03, 1.57710E+02, 1.89865E+02, 8.54896E+02, 6.70160E+02, 2.66804E+02, 1.91751E+02, 9.29430E+02, 1.77935E+02, 1.17783E+03, 1.99770E+02, 2.16005E+02, 6.94215E+02, 6.36075E+02, 1.22169E+03, 1.90185E+02, 3.82938E+02, 5.34978E+02, 5.86973E+02, 1.13537E+03, 9.13017E+02, 5.21008E+02, 4.24255E+02, 9.98388E+02, 7.63177E+02, 5.03903E+02, 2.50713E+02, 3.19767E+02, 3.72669E+02, 2.51441E+02, 5.32709E+02, 2.02437E+02, 6.31685E+02, 4.12090E+02, 6.14625E+02, 1.17627E+03, 4.86549E+02, 7.88189E+02, 8.33723E+02, 4.16590E+02, 4.35389E+02, 6.03669E+02, 3.59963E+02, 1.05426E+03, 6.57606E+02, 7.09490E+02, 1.02438E+03, 2.96453E+02, 4.66624E+02, 4.74153E+02, 5.92165E+02, 9.73447E+02, 7.36529E+02, 4.36379E+02, 3.00142E+02, 5.70510E+02, 3.95486E+02, 5.31768E+02, 2.10560E+02, 4.21055E+02, 1.59663E+02, 3.69180E+02, 4.90567E+02, 7.60474E+02, 7.10496E+02, 5.27060E+02, 8.69885E+02, 1.19937E+02, 4.37934E+02, 3.41150E+02, 9.37875E+02, 6.14400E+02, 8.60851E+02, 8.09326E+02, 9.91160E+02, 5.41430E+02, 9.50666E+02, 3.54951E+02, 1.35556E+03, 8.31406E+02, 9.74535E+02, 7.14074E+02, 3.00965E+02, 4.39495E+02, 6.02176E+02, 5.11607E+02, 4.66070E+02, 1.20453E+03, 3.24700E+02, 1.23850E+02, 3.50651E+02, 1.37089E+03, 5.57970E+02, 3.00815E+02, 3.89983E+02, 9.15910E+02, 5.81854E+02, 3.98312E+02, 3.74390E+02, 5.80411E+02, 6.04530E+02, 4.92035E+02, 5.36490E+02, 5.54579E+02, 7.76278E+02, 3.70991E+02, 7.82478E+02, 6.41785E+02, 3.70217E+02, 5.23237E+02, 1.18902E+03, 5.88061E+02, 4.76056E+02, 8.49733E+02, 2.82036E+02, 1.76040E+02, 9.82009E+02, 7.91536E+02, 3.76606E+02, 1.58537E+02, 7.32281E+02, 1.56461E+03, 7.00567E+02, 2.09412E+02, 1.36450E+03, 8.98828E+02, 9.66059E+02, 6.32693E+02, 1.18999E+03, 3.15804E+02, 3.08467E+02, 1.71535E+02, 1.00678E+03, 2.79313E+02, 9.45042E+02, 7.29570E+02, 1.76774E+02, 8.35832E+02, 1.08616E+02, 6.43812E+02, 9.54127E+02, 1.24999E+03, 6.76493E+02, 8.05642E+02, 8.26594E+02, 9.05968E+02, 1.97975E+02, 4.13649E+02, 2.70486E+02, 9.29207E+02, 4.92092E+02, 6.37433E+02, 1.97040E+02, 9.51146E+02, 3.20436E+02, 3.44661E+02, 1.12592E+03, 9.03247E+02, 1.02266E+03, 3.13575E+02, 3.18638E+02, 1.92475E+02, 4.31673E+02, 6.45096E+02, 1.29756E+03, 8.90695E+02, 6.76043E+02, 1.28825E+03, 7.29314E+02, 1.09960E+03, 5.39792E+02, 6.16418E+02, 7.36201E+02, 1.03306E+03, 3.94118E+02, 1.65157E+02, 4.60513E+02, 7.47572E+02, 5.58657E+02, 7.21206E+02, 1.32460E+02, 8.14149E+02, 7.43028E+02, 3.79560E+02, 4.28837E+02, 6.50202E+02, 3.14527E+02, 4.75600E+02, 3.94952E+02, 3.98500E+02, 9.47008E+02, 7.25713E+02, 1.54667E+02, 1.91684E+02, 1.03941E+03, 4.98218E+02, 2.58309E+02, 4.24928E+02, 8.04666E+02, 7.36575E+02, 2.84195E+02, 1.04045E+03, 2.30345E+02, 8.88658E+02, 1.27460E+03, 9.70411E+02, 3.87636E+02, 1.01780E+03, 1.67202E+02, 8.71252E+02, 6.33995E+02, 7.63263E+02, 1.25059E+03, 8.12380E+02, 3.45183E+02, 5.90650E+02, 1.54455E+02, 8.25050E+02, 7.60583E+02, 4.58659E+02, 8.25459E+02, 8.36737E+02, 1.93274E+02, 2.86714E+02, 4.11274E+02, 1.85797E+02, 2.84376E+02, 4.68353E+02, 4.82023E+02, 9.24521E+02, 2.70277E+02, 3.98836E+02, 3.42893E+02, 8.95058E+02, 6.14900E+02, 1.94353E+02, 3.90428E+02, 2.59306E+02, 9.00701E+02, 5.66067E+02, 5.00105E+02, 8.59982E+02, 6.20251E+02, 5.57909E+02, 8.87319E+02, 6.23140E+02, 9.56243E+02, 4.13249E+02, 3.81931E+02, 2.26454E+02, 8.60901E+02, 9.20409E+02, 1.40296E+02, 1.17256E+03, 4.51622E+02, 9.66980E+02, 2.31369E+02, 1.11723E+03, 4.69077E+02, 2.50939E+02, 6.92976E+02, 6.02450E+02, 4.84255E+02, 2.90314E+02, 3.74087E+02, 5.57588E+02, 5.92235E+02, 4.84812E+02, 6.79170E+02, 3.02838E+02, 6.24769E+02, 1.04280E+03, 7.62292E+02, 5.18805E+02, 9.42404E+02), prec_Linf=2.50000E+01)
