list(L1=c(5.09126E+02, 1.73190E+02, 4.27531E+02, 4.98711E+02, 2.97266E+02, 1.02918E+02, 3.99495E+02, 3.91986E+02, 2.97174E+02, 3.33002E+02, 4.20623E+02, 1.85025E+02, 2.87288E+02, 3.60404E+02, 2.88628E+02, 4.47116E+02, 8.24080E+02, 1.98514E+02, 4.02867E+02, 2.27365E+02, 3.65895E+02, 2.41417E+02, 1.98382E+02, 2.46980E+02, 3.74657E+02, 8.13895E+02, 1.05140E+02, 1.26577E+02, 5.69931E+02, 4.46773E+02, 1.77869E+02, 1.27834E+02, 6.19620E+02, 1.18623E+02, 7.85219E+02, 1.33180E+02, 1.44004E+02, 4.62810E+02, 4.24050E+02, 8.14463E+02, 1.26790E+02, 2.55292E+02, 3.56652E+02, 3.91316E+02, 7.56910E+02, 6.08678E+02, 3.47339E+02, 2.82836E+02, 6.65592E+02, 5.08785E+02, 3.35936E+02, 1.67142E+02, 2.13178E+02, 2.48446E+02, 1.67628E+02, 3.55139E+02, 1.34958E+02, 4.21124E+02, 2.74727E+02, 4.09750E+02, 7.84178E+02, 3.24366E+02, 5.25460E+02, 5.55815E+02, 2.77727E+02, 2.90259E+02, 4.02446E+02, 2.39976E+02, 7.02838E+02, 4.38404E+02, 4.72993E+02, 6.82917E+02, 1.97635E+02, 3.11083E+02, 3.16102E+02, 3.94777E+02, 6.48965E+02, 4.91019E+02, 2.90919E+02, 2.00095E+02, 3.80340E+02, 2.63657E+02, 3.54512E+02, 1.40373E+02, 2.80704E+02, 1.06442E+02, 2.46120E+02, 3.27045E+02, 5.06982E+02, 4.73664E+02, 3.51374E+02, 5.79923E+02, 7.99577E+01, 2.91956E+02, 2.27433E+02, 6.25250E+02, 4.09600E+02, 5.73901E+02, 5.39551E+02, 6.60773E+02, 3.60953E+02, 6.33777E+02, 2.36634E+02, 9.03710E+02, 5.54271E+02, 6.49690E+02, 4.76049E+02, 2.00643E+02, 2.92996E+02, 4.01450E+02, 3.41071E+02, 3.10714E+02, 8.03023E+02, 2.16467E+02, 8.25670E+01, 2.33768E+02, 9.13925E+02, 3.71980E+02, 2.00543E+02, 2.59989E+02, 6.10607E+02, 3.87903E+02, 2.65541E+02, 2.49594E+02, 3.86941E+02, 4.03020E+02, 3.28023E+02, 3.57660E+02, 3.69719E+02, 5.17519E+02, 2.47327E+02, 5.21652E+02, 4.27857E+02, 2.46812E+02, 3.48825E+02, 7.92678E+02, 3.92041E+02, 3.17371E+02, 5.66489E+02, 1.88024E+02, 1.17360E+02, 6.54672E+02, 5.27691E+02, 2.51071E+02, 1.05691E+02, 4.88188E+02, 1.04307E+03, 4.67045E+02, 1.39608E+02, 9.09669E+02, 5.99219E+02, 6.44039E+02, 4.21796E+02, 7.93327E+02, 2.10536E+02, 2.05645E+02, 1.14357E+02, 6.71186E+02, 1.86209E+02, 6.30028E+02, 4.86380E+02, 1.17849E+02, 5.57222E+02, 7.24107E+01, 4.29208E+02, 6.36085E+02, 8.33325E+02, 4.50995E+02, 5.37094E+02, 5.51062E+02, 6.03978E+02, 1.31983E+02, 2.75766E+02, 1.80324E+02, 6.19471E+02, 3.28061E+02, 4.24956E+02, 1.31360E+02, 6.34097E+02, 2.13624E+02, 2.29774E+02, 7.50610E+02, 6.02164E+02, 6.81773E+02, 2.09050E+02, 2.12425E+02, 1.28317E+02, 2.87782E+02, 4.30064E+02, 8.65043E+02, 5.93797E+02, 4.50696E+02, 8.58836E+02, 4.86209E+02, 7.33065E+02, 3.59861E+02, 4.10945E+02, 4.90801E+02, 6.88706E+02, 2.62746E+02, 1.10105E+02, 3.07009E+02, 4.98381E+02, 3.72438E+02, 4.80804E+02, 8.83070E+01, 5.42766E+02, 4.95352E+02, 2.53040E+02, 2.85891E+02, 4.33468E+02, 2.09684E+02, 3.17067E+02, 2.63302E+02, 2.65667E+02, 6.31339E+02, 4.83809E+02, 1.03111E+02, 1.27790E+02, 6.92938E+02, 3.32145E+02, 1.72206E+02, 2.83285E+02, 5.36444E+02, 4.91050E+02, 1.89464E+02, 6.93635E+02, 1.53563E+02, 5.92439E+02, 8.49734E+02, 6.46941E+02, 2.58424E+02, 6.78536E+02, 1.11468E+02, 5.80835E+02, 4.22663E+02, 5.08842E+02, 8.33729E+02, 5.41587E+02, 2.30122E+02, 3.93767E+02, 1.02970E+02, 5.50033E+02, 5.07055E+02, 3.05773E+02, 5.50306E+02, 5.57825E+02, 1.28849E+02, 1.91143E+02, 2.74182E+02, 1.23865E+02, 1.89584E+02, 3.12235E+02, 3.21349E+02, 6.16347E+02, 1.80185E+02, 2.65891E+02, 2.28595E+02, 5.96705E+02, 4.09933E+02, 1.29569E+02, 2.60285E+02, 1.72871E+02, 6.00467E+02, 3.77378E+02, 3.33403E+02, 5.73321E+02, 4.13500E+02, 3.71940E+02, 5.91546E+02, 4.15426E+02, 6.37495E+02, 2.75500E+02, 2.54621E+02, 1.50969E+02, 5.73934E+02, 6.13606E+02, 9.35305E+01, 7.81706E+02, 3.01082E+02, 6.44653E+02, 1.54246E+02, 7.44822E+02, 3.12718E+02, 1.67292E+02, 4.61984E+02, 4.01634E+02, 3.22837E+02, 1.93543E+02, 2.49391E+02, 3.71725E+02, 3.94823E+02, 3.23208E+02, 4.52780E+02, 2.01892E+02, 4.16512E+02, 6.95199E+02, 5.08195E+02, 3.45870E+02, 6.28269E+02), Y=c(6.44451E+02, 3.67912E+02, 4.51373E+02, 4.67984E+02, 3.30016E+02, 1.89234E+02, 4.94157E+02, 6.40167E+02, 3.70761E+02, 3.39678E+02, 4.93461E+02, 4.22051E+02, 2.51962E+02, 5.26818E+02, 3.96407E+02, 4.99484E+02, 7.46190E+02, 3.36538E+02, 4.69535E+02, 4.70301E+02, 5.88649E+02, 3.49054E+02, 2.81630E+02, 8.27311E+02, 5.28621E+02, 8.29174E+02, 2.09623E+02, 2.76785E+02, 4.66106E+02, 4.30906E+02, 4.57635E+02, 4.14353E+02, 1.13642E+03, 3.08351E+02, 8.35426E+02, 2.69519E+02, 2.58753E+02, 4.55592E+02, 5.65695E+02, 5.26732E+02, 1.88340E+02, 3.32632E+02, 6.50364E+02, 6.97243E+02, 8.72258E+02, 5.24902E+02, 4.09222E+02, 4.28455E+02, 6.40665E+02, 7.75409E+02, 4.41609E+02, 2.25014E+02, 4.32106E+02, 3.10988E+02, 2.85913E+02, 3.67612E+02, 2.51494E+02, 4.70463E+02, 3.05948E+02, 5.70087E+02, 7.82742E+02, 3.97059E+02, 5.42817E+02, 5.80055E+02, 5.65548E+02, 4.45880E+02, 3.91485E+02, 5.82330E+02, 7.07878E+02, 5.71938E+02, 4.15620E+02, 6.31431E+02, 5.02097E+02, 3.55505E+02, 2.74151E+02, 5.14305E+02, 8.33651E+02, 6.66506E+02, 5.37745E+02, 2.22306E+02, 3.71787E+02, 4.30044E+02, 3.23114E+02, 3.38823E+02, 3.61298E+02, 2.02446E+02, 4.21232E+02, 5.19087E+02, 5.42430E+02, 4.92781E+02, 4.79144E+02, 8.05546E+02, 3.54055E+02, 3.44577E+02, 2.90184E+02, 6.01770E+02, 5.06125E+02, 4.58438E+02, 6.66838E+02, 8.36445E+02, 4.81538E+02, 9.06638E+02, 7.54081E+02, 1.13558E+03, 4.49903E+02, 4.47314E+02, 4.51597E+02, 4.53836E+02, 4.75464E+02, 5.70957E+02, 4.60827E+02, 5.09247E+02, 8.90184E+02, 5.25442E+02, 3.49255E+02, 2.79167E+02, 1.04134E+03, 3.23679E+02, 3.26948E+02, 5.77666E+02, 5.70160E+02, 3.95724E+02, 2.88507E+02, 5.28075E+02, 6.35188E+02, 4.96190E+02, 3.48034E+02, 7.50266E+02, 3.53592E+02, 4.09716E+02, 4.70766E+02, 7.43145E+02, 6.53452E+02, 3.99667E+02, 4.85345E+02, 6.22931E+02, 4.49891E+02, 5.82092E+02, 6.18077E+02, 2.63878E+02, 2.29395E+02, 6.03211E+02, 4.72464E+02, 3.55016E+02, 1.44119E+02, 4.85329E+02, 1.13309E+03, 4.42769E+02, 3.07993E+02, 1.65835E+03, 4.86006E+02, 7.23343E+02, 5.00376E+02, 8.32998E+02, 3.21781E+02, 4.33069E+02, 3.10753E+02, 7.83056E+02, 5.72629E+02, 5.61740E+02, 6.18611E+02, 3.30171E+02, 6.13547E+02, 2.19236E+02, 4.07119E+02, 1.04972E+03, 7.64682E+02, 6.57110E+02, 8.26297E+02, 7.70130E+02, 8.48128E+02, 4.24208E+02, 6.64275E+02, 3.48325E+02, 6.31807E+02, 3.91065E+02, 4.83819E+02, 2.00112E+02, 7.84989E+02, 3.96521E+02, 4.41216E+02, 9.29842E+02, 7.07918E+02, 7.50950E+02, 3.37237E+02, 5.06326E+02, 4.31527E+02, 4.97031E+02, 5.84076E+02, 8.24386E+02, 4.37825E+02, 6.34428E+02, 8.15327E+02, 4.02589E+02, 7.51099E+02, 4.11365E+02, 5.22034E+02, 4.18646E+02, 8.10959E+02, 2.23920E+02, 2.13157E+02, 4.70643E+02, 4.57795E+02, 4.24726E+02, 5.08761E+02, 2.05373E+02, 4.30002E+02, 8.40075E+02, 5.29071E+02, 5.19879E+02, 5.00133E+02, 2.74375E+02, 3.91550E+02, 3.92812E+02, 3.52293E+02, 7.70110E+02, 4.48545E+02, 2.72771E+02, 3.68715E+02, 4.82601E+02, 4.10726E+02, 3.39262E+02, 2.99573E+02, 6.55566E+02, 6.74157E+02, 3.04557E+02, 5.48196E+02, 2.99419E+02, 6.00739E+02, 1.12628E+03, 7.44018E+02, 2.87753E+02, 8.65557E+02, 2.80852E+02, 8.11948E+02, 6.27485E+02, 5.68884E+02, 9.61433E+02, 7.54228E+02, 4.09159E+02, 5.48210E+02, 1.70786E+02, 6.33030E+02, 3.64204E+02, 5.51085E+02, 6.03668E+02, 5.93040E+02, 5.02983E+02, 5.82430E+02, 5.13455E+02, 5.36939E+02, 3.55336E+02, 4.24736E+02, 6.59057E+02, 6.71242E+02, 2.74918E+02, 4.46416E+02, 3.59090E+02, 6.40023E+02, 3.93241E+02, 3.19311E+02, 3.93336E+02, 3.40786E+02, 6.46361E+02, 6.05823E+02, 5.41180E+02, 5.95531E+02, 6.10059E+02, 7.98393E+02, 7.39616E+02, 3.72770E+02, 4.35530E+02, 4.59739E+02, 3.60474E+02, 2.98765E+02, 8.40208E+02, 6.13020E+02, 2.14062E+02, 8.29643E+02, 3.87097E+02, 7.43629E+02, 2.22894E+02, 8.50336E+02, 5.58622E+02, 2.97702E+02, 7.42543E+02, 3.18310E+02, 6.41817E+02, 3.59803E+02, 3.02719E+02, 5.22078E+02, 4.61892E+02, 4.21189E+02, 5.37919E+02, 2.83182E+02, 6.01394E+02, 8.11958E+02, 7.23035E+02, 4.14193E+02, 9.05360E+02),